2230
2230
2230
2228
2228
2226
2226
2225
2224
2223
2223
2221
2220
2219
2218
2216
2216
2215
2212
2211
2212
2210
2208
2207
2206
2204
2203
2202
2200
2198
2198
2196
2193
2192
2191
2189
2187
2185
2184
2181
2181
2179
2177
2175
2173
2171
2169
2167
2165
2162
2161
2159
2157
2155
2153
2152
2150
2147
2145
2143
2141
2139
2136
2134
2132
2129
2126
2125
2123
2120
2117
2116
2113
2110
2108
2106
2103
2101
2099
2096
2093
2091
2088
2085
2083
2081
2078
2076
2072
2070
2068
2066
2064
2061
2057
2056
2054
2050
2048
2045
2043
2040
2038
2035
2032
2030
2028
2024
2022
2020
2017
2013
2012
2010
2007
2004
2002
1999
1996
1994
1990
1989
1986
1984
1981
1979
1976
1974
1972
1968
1967
1964
1962
1960
1957
1954
1952
1949
1948
1945
1942
1940
1937
1936
1934
1931
1929
1927
1925
1922
1920
1919
1917
1915
1911
1910
1907
1905
1903
1901
1899
1897
1895
1894
1892
1889
1888
1886
1884
1882
1881
1880
1877
1875
1873
1873
1872
1869
1867
1867
1865
1863
1862
1860
1859
1857
1856
1854
1854
1852
1851
1850
1849
1847
1846
1844
1844
1843
1842
1841
1841
1839
1838
1837
1837
1835
1834
1834
1833
1833
1832
1831
1832
1829
1830
1829
1828
1829
1828
1827
1828
1826
1827
1826
1827
1826
1826
1826
1826
1826
1825
1825
1826
1826
1827
1827
1826
1828
1827
1828
1829
1828
1829
1830
1830
1831
1831
1831
1832
1832
1834
1835
1834
1835
1836
1836
1839
1838
1838
1840
1841
1843
1843
1844
1845
1846
1848
1849
1851
1851
1853
1855
1855
1857
1859
1859
1861
1863
1864
1865
1867
1869
1871
1871
1873
1875
1878
1878
1881
1883
1884
1885
1887
1888
1892
1892
1894
1896
1898
1900
1902
1904
1907
1909
1910
1912
1915
1916
1919
1922
1923
1925
1928
1930
1932
1934
1936
1940
1941
1944
1946
1949
1951
1952
1956
1958
1960
1963
1966
1968
1971
1972
1975
1977
1979
1982
1985
1988
1991
1992
1996
1997
2000
2003
2006
2009
2011
2014
2016
2018
2021
2025
2027
2028
2032
2033
2036
2039
2041
2043
2047
2049
2053
2054
2057
2060
2062
2065
2067
2070
2073
2074
2078
2080
2082
2086
2088
2090
2092
2094
2097
2100
2102
2105
2107
2109
2112
2115
2116
2119
2121
2124
2125
2129
2131
2133
2135
2137
2139
2142
2144
2146
2148
2149
2151
2154
2156
2159
2161
2162
2164
2167
2168
2170
2173
2173
2175
2178
2179
2181
2183
2184
2187
2188
2190
2191
2193
2194
2197
2198
2198
2200
2202
2203
2205
2206
2207
2209
2211
2211
2213
2214
2215
2216
2218
2218
2220
2221
2222
2223
2224
2225
2226
2226
2227
2228
2228
2229
2229
2230
2232
2231
2232
2234
2233
2234
2234
2235
2235
2235
2236
2236
2236
2238
2236
2238
2237
2237
2237
2236
2237
2237
2238
2237
2237
2237
2236
2236
2236
2236
2235
2235
2235
2234
2234
2232
2232
2232
2231
2232
2231
2230
2230
2228
2228
2227
2225
2225
2224
2224
2222
2221
2221
2219
2218
2217
2216
2215
2213
2211
2211
2209
2209
2207
2205
2203
2203
2202
2200
2198
2197
2195
2193
2192
2190
2189
2187
2186
2184
2181
2180
2178
2177
2176
2174
2172
2170
2167
2166
2162
2161
2159
2158
2155
2154
2151
2149
2146
2144
2143
2141
2138
2134
2133
2133
2130
2127
2125
2122
2120
2117
2116
2114
2111
2108
2106
2103
2101
2098
2096
2093
2092
2089
2086
2083
2082
2079
2077
2074
2072
2069
2066
2063
2061
2059
2055
2053
2051
2047
2046
2044
2040
2038
2035
2032
2031
2028
2024
2022
2019
2017
2015
2012
2010
2006
2004
2002
1999
1997
1994
1992
1990
1987
1983
1981
1979
1977
1974
1971
1968
1967
1964
1962
1959
1957
1954
1951
1950
1947
1945
1943
1941
1938
1936
1933
1932
1928
1927
1925
1923
1921
1918
1916
1915
1912
1909
1907
1905
1904
1902
1900
1897
1895
1893
1891
1890
1887
1885
1884
1882
1881
1879
1878
1876
1875
1873
1871
1869
1868
1866
1864
1863
1862
1860
1859
1858
1857
1854
1854
1852
1851
1850
1848
1847
1846
1845
1844
1842
1841
1841
1840
1839
1838
1837
1837
1836
1835
1835
1834
1833
1832
1831
1831
1831
1830
1830
1829
1829
1828
1828
1828
1827
1827
1827
1827
1826
1826
1826
1826
1827
1826
1826
1826
1828
1826
1827
1827
1827
1828
1828
1827
1828
1829
1830
1831
1831
1831
1832
1832
1833
1834
1835
1834
1835
1836
1837
1838
1839
1840
1841
1841
1842
1844
1844
1846
1845
1848
1849
1852
1851
1853
1854
1855
1856
1859
1860
1860
1863
1865
1867
1867
1869
1870
1872
1873
1874
1877
1879
1880
1882
1884
1886
1887
1889
1891
1894
1895
1897
1899
1901
1903
1906
1907
1909
1911
1914
1915
1918
1920
1922
1925
1926
1929
1931
1933
1935
1937
1940
1942
1943
1946
1948
1951
1953
1956
1958
1960
1964
1966
1968
1970
1973
1976
1979
1980
1983
1986
1987
1991
1994
1996
1999
2001
2004
2006
2008
2011
2013
2015
2019
2022
2024
2027
2029
2032
2035
2037
2039
2042
2044
2047
2050
2053
2054
2057
2059
2062
2064
2067
2069
2073
2075
2078
2080
2082
2086
2087
2090
2092
2095
2097
2100
2103
2105
2107
2110
2112
2115
2117
2119
2122
2123
2126
2129
2131
2133
2135
2138
2140
2142
2144
2146
2149
2151
2152
2154
2157
2159
2161
2162
2166
2166
2169
2170
2172
2174
2177
2178
2181
2182
2183
2185
2186
2188
2190
2192
2194
2194
2197
2198
2199
2201
2202
2205
2205
2207
2208
2209
2210
2212
2214
2216
2215
2216
2218
2219
2219
2221
2222
2223
2224
2225
2226
2226
2228
2228
2229
2229
2230
2232
2231
2232
2233
2233
2233
2235
2234
2236
2235
2235
2236
2237
2236
2237
2238
2237
2237
2237
2238
2238
2238
2237
2237
2237
2237
2237
2236
2237
2236
2235
2235
2236
2235
2235
2234
2233
2233
2231
2232
2231
2230
2229
2229
2228
2227
2227
2225
2224
2224
2223
2222
2221
2220
2219
2217
2216
2215
2214
2213
2212
2211
2210
2208
2208
2205
2206
2203
2201
2200
2198
2197
2195
2193
2192
2190
2189
2188
2186
2184
2182
2180
2178
2176
2175
2174
2171
2169
2168
2165
2164
2162
2160
2157
2155
2153
2151
2149
2147
2145
2143
2141
2139
2135
2134
2131
2130
2127
2124
2123
2120
2117
2115
2112
2110
2109
2106
2103
2101
2098
2096
2094
2091
2089
2086
2084
2081
2080
2076
2073
2070
2069
2065
2064
2061
2059
2055
2053
2051
2056
35592
35336
34824
34312
34056
33544
33032
32264
32264
31752
30984
30472
30216
29704
29192
28680
27912
27400
26888
26376
25864
25352
24584
24328
23560
23048
22792
22024
21512
20744
20232
19464
19208
18440
17928
17160
16392
15880
15368
14856
14088
13576
12552
12296
11784
10760
10504
9480
9224
8456
7944
6920
6152
5896
5128
4616
3848
3080
2568
2056
1288
519
65287
65031
64007
63495
62983
61959
61703
60935
60167
59655
58887
58375
57351
57095
56327
55559
54791
54279
54023
52999
52231
51975
50951
50439
49415
48903
48647
47879
47367
46343
45831
45319
44551
43783
43271
43015
41991
41479
40967
40199
39687
38919
38407
37895
37383
36871
36103
35847
35079
34311
34055
33287
32519
32007
31495
30983
30471
30215
29447
29191
28679
27911
27399
26887
26631
26119
25607
24839
24327
24071
23815
23047
22535
22279
22023
21255
21255
20743
20231
19463
19207
18951
18695
17927
17671
17415
17159
16903
16647
16135
15623
15367
15111
14855
14599
14087
13831
13575
13319
13063
12551
12551
12295
11783
11783
11527
11271
11015
11015
10759
10759
10503
9991
9735
10247
9735
9735
9479
9735
9223
9223
8967
9223
8967
8967
8967
8967
8711
8711
8711
8711
8967
8711
8967
8967
8967
8967
8711
8967
9223
8967
9223
9479
8967
9479
9479
9735
9991
9735
9991
10503
10503
10503
10503
11015
11271
11527
11783
11527
11783
12039
12039
12551
13063
13063
13575
13575
13831
14343
14599
14855
15367
15623
15879
16135
16391
16903
17159
17671
17927
18439
18951
19207
19463
19975
20487
20743
20999
21767
22023
22535
22791
23303
23815
24327
24839
25351
25863
26375
26887
26887
27655
28423
28935
28935
29703
30215
31239
31495
32007
32263
33287
33799
34055
34567
35335
36103
36615
37127
37639
38151
38919
39431
39943
40711
41223
41991
42503
43271
43783
44551
45063
45575
46343
46855
47623
48391
48903
49415
49927
50695
51463
52231
52743
53255
54023
54791
55303
56071
56583
57351
58119
58631
59143
59911
60679
61191
61959
62471
63239
63751
64519
65032
520
776
1800
2312
3080
3848
4360
5128
5384
6152
6664
7688
7944
8968
9224
9992
10760
11528
12040
12808
13064
13832
14600
15368
15880
16392
16904
17416
18440
18952
19464
19976
20744
21000
21768
22536
22536
23560
24072
24584
25096
25608
26120
26632
27400
27656
28168
28936
29448
29960
30216
30728
31496
31752
32264
32776
33032
33800
34312
34568
34824
35592
36104
36360
36872
37128
37640
37896
38664
38920
39176
39432
39944
40200
40456
40712
41224
41480
41992
41992
42504
42760
43272
43272
43528
44040
44296
44552
44808
44808
45064
45576
45576
45832
46088
46344
46088
46600
46600
47112
47112
47112
47624
47624
47624
47624
47880
47880
48136
48136
47880
47880
48392
48392
48392
48392
48392
48392
48392
48648
48648
48392
48392
48392
48648
48392
48136
48136
47880
47880
47880
47880
47624
47624
47368
47368
47112
47368
46856
46600
46344
46344
46088
45832
45576
45832
45320
45064
44808
44552
44296
44040
44040
43528
43528
42760
42248
42504
41736
41736
41224
40712
40712
40200
39688
39688
39176
38920
38408
37896
37640
37128
36872
36616
35848
35592
35592
34824
34312
33800
33544
33032
32520
32008
31496
31240
30472
30216
29448
28936
28680
28168
27400
26888
26376
25864
25096
24584
24328
24072
23304
22280
22024
21512
20744
20232
19720
18952
18440
17928
17416
16648
16136
15368
14856
14088
13576
12808
12296
11784
11272
10248
9992
8968
8456
7944
7432
6408
5896
4872
4616
3848
3336
2568
2056
1288
520
